0 0 1
0.1 0.0998334166468282 0.995004165278026
0.2 0.198669330795061 0.980066577841242
0.3 0.29552020666134 0.955336489125606
0.4 0.389418342308651 0.921060994002885
0.5 0.479425538604203 0.877582561890373
0.6 0.564642473395035 0.825335614909678
0.7 0.644217687237691 0.764842187284489
0.8 0.717356090899523 0.696706709347166
0.9 0.783326909627483 0.621609968270665
1 0.841470984807896 0.54030230586814
1.1 0.891207360061435 0.453596121425577
1.2 0.932039085967226 0.362357754476674
1.3 0.963558185417193 0.267498828624587
1.4 0.98544972998846 0.169967142900241
1.5 0.997494986604054 0.0707372016677027
1.6 0.999573603041505 -0.029199522301289
1.7 0.991664810452469 -0.128844494295525
1.8 0.973847630878195 -0.227202094693088
1.9 0.946300087687414 -0.323289566863504
2 0.909297426825681 -0.416146836547143
2.1 0.863209366648873 -0.504846104599858
2.2 0.80849640381959 -0.588501117255346
2.3 0.74570521217672 -0.666276021279825
2.4 0.67546318055115 -0.737393715541246
2.5 0.598472144103956 -0.801143615546934
2.6 0.515501371821463 -0.856888753368948
2.7 0.427379880233829 -0.904072142017062
2.8 0.334988150155904 -0.942222340668659
2.9 0.239249329213981 -0.970958165149591
3 0.141120008059866 -0.989992496600446
3.1 0.0415806624332892 -0.999135150273279
3.2 -0.0583741434275814 -0.998294775794753
3.3 -0.15774569414325 -0.987479769908865
3.4 -0.255541102026833 -0.966798192579461
3.5 -0.350783227689622 -0.936456687290796
3.6 -0.442520443294854 -0.896758416334146
3.7 -0.529836140908495 -0.848100031710407
3.8 -0.611857890942721 -0.790967711914416
3.9 -0.687766159183975 -0.725932304200139
4 -0.756802495307929 -0.653643620863611
4.1 -0.818277111064411 -0.574823946533268
4.2 -0.871575772413589 -0.490260821340699
4.3 -0.916165936749455 -0.400799172079975
4.4 -0.951602073889516 -0.307332869978419
4.5 -0.977530117665097 -0.21079579943078
4.6 -0.993691003633464 -0.112152526935055
4.7 -0.999923257564101 -0.0123886634628914
4.8 -0.996164608835841 0.0874989834394455
4.9 -0.982452612624333 0.186512369422574
5 -0.958924274663139 0.283662185463225
5.1 -0.925814682327733 0.377977742712979
5.2 -0.883454655720154 0.468516671300375
5.3 -0.832267442223903 0.554374336179159
5.4 -0.772764487555989 0.634692875942632
5.5 -0.705540325570394 0.708669774291258
5.6 -0.631266637872324 0.775565878510247
5.7 -0.550685542597641 0.834712784839157
5.8 -0.464602179413761 0.885519516941317
5.9 -0.373876664830241 0.927478430744034
5.99999999999999 -0.279415498198931 0.960170286650365
6.09999999999999 -0.182162504272101 0.983268438442584
6.19999999999999 -0.0830894028175026 0.996542097023217
